787
1 52
2 52
3 52
6 42
7 61
8 140
9 140
10 140
11 140
12 140
13 140
14 148
15 148
16 189
17 189
18 189
19 189
20 189
21 189
22 189
23 189
24 189
25 189
26 189
27 189
28 189
29 193
30 193
31 193
33 193
34 193
35 193
36 193
37 275
38 275
39 275
40 275
41 275
42 275
43 275
44 275
45 275
46 275
47 275
48 192
49 192
50 144
51 249
52 367
53 367
54 367
55 367
56 367
57 367
58 367
59 367
60 367
61 367
62 367
63 367
64 367
65 367
66 367
67 367
68 144
69 141
70 141
71 141
72 143
73 143
74 196
75 196
76 196
77 245
78 245
79 245
80 245
81 245
82 245
83 245
84 245
85 245
86 245
87 245
88 245
89 245
90 245
91 212
92 319
93 389
94 389
95 389
96 389
97 472
98 472
99 472
101 472
102 472
103 472
104 472
105 472
106 472
107 472
108 472
109 472
110 472
111 472
112 472
113 472
114 472
115 472
116 472
117 472
118 472
119 355
120 355
121 355
122 355
123 355
124 355
125 355
126 290
127 290
128 290
129 290
130 290
131 290
132 432
133 432
134 432
135 432
136 432
137 432
138 432
139 432
140 432
141 432
142 432
143 432
144 432
145 432
146 432
147 432
148 537
149 537
150 537
151 537
152 537
153 537
154 537
155 537
156 537
157 537
158 537
159 537
160 537
161 537
162 537
163 537
164 537
165 537
166 537
167 537
168 537
169 516
170 516
171 516
172 516
173 516
174 516
175 516
176 516
177 516
178 516
179 516
180 516
181 516
182 281
183 281
184 281
185 146
186 99
187 100
188 100
189 366
190 366
191 366
192 366
193 366
194 366
195 373
196 373
197 373
198 373
199 373
200 373
201 373
202 373
203 373
204 373
205 373
206 373
207 373
208 373
209 373
210 373
211 373
212 286
213 286
214 286
215 286
216 286
217 265
218 305
219 305
220 305
221 305
222 305
223 305
224 305
225 305
226 305
227 305
228 428
229 428
230 428
231 428
232 428
233 428
234 428
235 428
236 428
237 428
238 428
239 428
240 428
241 428
242 428
243 428
244 428
245 428
246 428
247 428
248 428
249 428
250 428
251 306
252 306
253 306
254 306
255 306
256 306
257 306
258 360
259 360
260 360
261 360
262 360
263 360
264 360
265 360
266 360
267 360
268 360
269 360
270 360
271 354
272 354
273 354
274 354
275 354
276 354
277 354
278 354
279 354
280 354
281 354
282 352
283 352
284 352
285 352
286 352
287 352
288 352
289 352
290 352
291 352
292 352
293 352
294 363
295 363
296 363
297 363
298 530
299 530
300 530
301 530
302 530
303 530
304 530
305 530
306 530
307 530
308 530
309 530
310 530
311 530
312 530
313 530
314 530
315 530
316 530
317 462
318 462
319 462
320 462
321 462
322 462
323 462
324 462
325 462
326 462
327 462
328 462
329 462
330 462
331 462
332 447
333 447
334 447
335 447
336 447
337 447
338 447
339 447
340 447
341 447
342 447
343 447
344 447
345 447
346 447
347 447
348 400
349 400
350 400
351 400
352 400
353 400
354 400
355 400
356 283
357 283
358 283
359 283
360 283
361 504
362 504
363 504
364 504
365 504
366 504
367 504
368 504
369 504
370 504
371 504
372 504
373 504
374 504
375 504
376 504
377 504
378 380
379 380
380 380
381 380
382 380
383 380
384 489
385 489
386 489
387 489
388 489
389 489
390 489
391 489
392 489
393 489
394 489
395 489
396 489
397 489
398 489
399 489
401 489
402 489
403 489
404 459
405 459
406 459
407 564
408 564
409 564
410 564
411 564
412 564
413 564
414 564
415 564
416 564
417 564
418 564
419 564
420 564
421 564
422 564
423 564
424 564
425 564
426 564
427 301
428 301
429 301
430 301
431 301
432 301
433 301
434 301
435 338
436 338
437 338
438 338
439 338
440 338
441 338
442 338
443 338
444 338
445 338
446 338
447 338
448 338
449 338
450 338
451 338
452 338
453 338
454 336
455 336
456 336
457 336
458 336
459 318
460 491
461 491
462 491
463 491
464 491
465 491
466 491
467 556
468 556
469 556
470 556
471 556
472 556
473 556
474 556
475 556
476 556
477 556
478 556
479 556
480 556
481 556
482 556
483 556
484 556
485 556
486 556
487 556
488 405
489 405
490 405
491 405
492 405
493 405
494 405
495 313
496 313
497 313
500 304
501 304
502 304
503 304
504 304
505 306
506 320
507 320
508 320
509 320
510 320
511 320
512 320
513 320
514 320
515 320
516 320
517 320
518 132
519 311
520 311
521 311
522 311
523 311
524 311
525 311
526 311
527 311
528 329
529 329
530 329
531 329
532 329
533 329
534 329
535 329
536 329
537 329
538 329
539 329
540 329
541 329
542 329
543 329
544 329
545 482
546 482
547 482
548 482
549 482
550 482
551 482
552 482
553 482
554 482
555 482
556 482
557 482
558 482
559 482
560 482
561 482
562 482
563 482
564 482
566 423
567 423
568 423
569 423
570 423
571 423
572 423
573 423
574 423
575 423
576 423
577 423
578 423
579 423
580 520
581 520
582 520
583 520
584 520
585 520
586 520
587 520
588 520
589 520
590 520
591 520
592 520
593 520
594 520
595 520
596 520
597 520
598 449
599 449
600 449
601 449
602 449
603 449
604 449
605 449
606 449
607 443
608 443
609 443
610 443
611 443
612 443
613 443
614 443
615 443
616 443
617 426
618 426
619 426
620 426
621 361
622 361
623 361
624 361
625 361
626 361
627 361
628 433
629 433
630 433
631 433
632 433
633 433
634 433
635 433
636 433
637 433
638 433
639 433
640 433
641 433
642 433
643 433
644 433
645 433
646 302
647 302
648 217
649 217
650 217
651 217
652 217
653 217
654 148
655 148
656 148
657 148
658 148
659 148
660 148
661 148
663 134
664 134
666 134
667 134
668 134
669 118
670 118
671 118
672 213
673 461
674 461
675 461
676 461
677 461
678 461
679 461
680 461
681 461
682 461
683 461
684 461
685 461
686 461
687 461
688 461
689 461
690 461
691 461
692 461
693 461
694 461
695 461
696 378
697 378
698 378
699 336
700 336
701 336
702 336
703 292
704 292
705 292
706 292
707 292
708 292
709 353
710 353
711 353
712 353
713 353
714 353
715 383
716 383
717 383
718 383
719 383
720 383
721 383
722 383
723 383
724 383
725 383
726 383
727 383
728 383
729 361
730 361
731 361
732 361
733 361
734 361
735 247
736 247
737 247
738 247
739 247
740 98
741 155
742 155
743 155
744 155
745 155
746 155
747 155
748 155
749 155
750 148
751 298
752 298
753 298
754 298
755 298
756 298
757 298
758 298
759 298
760 298
761 298
762 120
763 185
764 185
765 185
766 185
767 185
768 185
769 185
770 185
771 185
772 147
773 147
774 127
775 127
776 127
777 103
778 137
779 142
780 142
781 142
782 142
783 142
784 142
785 142
786 142
787 142
788 142
789 142
790 142
791 142
792 142
793 68
794 64
795 56
796 56
797 0

