118
1 52
4 42
7 61
8 140
14 148
16 189
27 134
29 193
37 275
48 192
50 144
51 249
52 367
65 261
66 144
68 141
72 143
74 196
77 245
89 212
92 319
93 389
97 472
115 371
116 355
123 243
125 290
132 432
148 537
167 516
180 281
183 99
187 100
189 366
195 373
209 286
216 265
218 305
228 428
242 319
247 306
258 360
271 354
279 352
291 321
292 281
294 363
298 530
316 462
332 447
346 400
354 283
361 504
377 380
384 489
401 367
403 459
407 564
426 301
435 338
449 336
457 318
460 491
467 556
486 405
492 313
496 197
497 193
498 265
499 304
505 306
506 320
518 126
519 311
528 329
541 312
545 482
563 336
565 423
578 372
580 520
598 449
607 443
617 336
619 361
628 433
646 217
653 148
663 134
669 118
671 76
672 213
673 461
690 378
696 336
703 220
706 227
709 353
715 383
729 361
734 247
740 98
741 155
749 148
751 298
761 120
763 185
772 127
776 103
778 137
779 142
786 111
789 94
792 68
794 64
795 56
796 45
797 0
